obsFrequencies = [ 1007, 1022, 1022, 926, 968, 957, 993, 1014, 969, 1017, 984, 995, 990, 968, 1003, 1001, 1019, 972, 983, 962, 963, 961, 1054, 1006, 962, 969, 997, 995, 1047, 965, 998, 997, 1023, 973, 959, 1049, 995, 980, 1031, 957, 979, 969, 995, 1015, 1039, 1028, 1062, 993, 936, 976, 1052, 956, 992, 986, 997, 981, 984, 1018, 966, 954, 1000, 991, 985, 1015, 1050, 1012, 1033, 987, 1047, 986, 961, 970, 998, 975, 990, 1018, 1036, 996, 1075, 945, 974, 974, 966, 971, 925, 1029, 1000, 962, 957, 984, 974, 998, 1009, 1012, 975, 1001, 1053, 1061, 993, 1022, 1023, 972; 975, 1045, 1026, 991, 1051, 996, 996, 1004, 997, 943, 1021, 1017, 993, 1033, 972, 983, 1014, 967, 995, 1021, 971, 1031, 963, 999, 1016, 1016, 1008, 999, 1026, 1028, 947, 981, 1007, 1018, 1005, 1021, 1020, 940, 994, 971, 1000, 1030, 1026, 1034, 1023, 1065, 1008, 1027, 995, 980, 1006, 980, 1000, 988, 1012, 1020, 972, 1031, 994, 986, 973, 936, 1015, 977, 1028, 1036, 997, 1002, 994, 1009, 999, 977, 977, 1047, 1007, 981, 955, 1022, 997, 974, 1044, 960, 947, 1012, 1026, 974, 1008, 1004, 1039, 969, 948, 1025, 998, 958, 920, 1006, 1017, 990, 959, 1008, 945, 1011; 1008, 924, 954, 948, 986, 1036, 989, 993, 999, 972, 1012, 983, 1004, 1026, 959, 997, 995, 985, 999, 1013, 1013, 1019, 982, 1002, 986, 988, 985, 1014, 1008, 1073, 1011, 1034, 1021, 950, 1002, 972, 964, 956, 906, 943, 1014, 1061, 997, 996, 999, 992, 977, 969, 965, 976, 981, 1085, 1032, 960, 978, 988, 1001, 1022, 1012, 1035, 979, 976, 993, 989, 994, 984, 1005, 1050, 1024, 914, 1017, 962, 982, 1023, 952, 972, 1009, 967, 944, 1082, 1021, 977, 1038, 951, 1016, 970, 975, 1005, 1059, 983, 1008, 965, 1003, 1068, 1017, 1022, 1009, 991, 986, 1027, 1005, 1043; 1014, 984, 1046, 1005, 956, 985, 1014, 958, 991, 971, 1026, 1046, 1020, 962, 1009, 980, 943, 1050, 980, 1009, 1054, 950, 993, 1019, 1051, 948, 1032, 988, 1017, 998, 921, 1045, 958, 986, 1006, 1003, 963, 1021, 957, 1014, 1016, 1031, 1010, 1034, 984, 978, 997, 1005, 979, 965, 961, 993, 997, 993, 975, 1059, 1011, 992, 1023, 973, 1017, 996, 975, 988, 1047, 1023, 968, 995, 993, 1038, 1015, 1025, 997, 981, 1008, 986, 1058, 957, 959, 1026, 941, 986, 1025, 1004, 981, 936, 943, 1023, 1009, 1045, 967, 1000, 994, 993, 989, 1018, 971, 967, 1011, 945, 1077, 1005; 930, 966, 975, 984, 995, 1009, 949, 1054, 978, 1005, 989, 979, 1004, 1091, 989, 979, 1027, 1018, 1052, 991, 931, 1009, 1019, 965, 962, 945, 1021, 963, 1001, 1006, 960, 1043, 1043, 978, 987, 1023, 1016, 991, 934, 1052, 970, 1004, 935, 1033, 954, 1019, 998, 1013, 995, 949, 1013, 1026, 1004, 1004, 1021, 924, 982, 1021, 1024, 1008, 963, 1030, 987, 999, 988, 1000, 981, 984, 1007, 1034, 974, 1017, 1024, 1009, 996, 971, 961, 987, 960, 973, 1027, 1013, 909, 950, 939, 961, 1004, 983, 953, 1007, 1026, 1013, 1024, 1011, 1017, 1061, 976, 968, 1018, 1045, 968, 947; 1016, 1011, 1030, 1021, 953, 977, 997, 996, 1018, 978, 1029, 1075, 1013, 1013, 998, 1000, 1024, 1025, 1053, 1023, 944, 965, 1003, 993, 998, 1040, 1007, 1005, 1012, 997, 985, 1080, 980, 1005, 987, 993, 996, 935, 948, 1043, 1014, 976, 985, 1024, 994, 1006, 1038, 938, 978, 1038, 993, 979, 980, 964, 978, 1081, 1033, 1011, 965, 956, 994, 1026, 1009, 1045, 992, 1029, 985, 1078, 990, 940, 981, 1072, 1005, 968, 976, 969, 1036, 1038, 1004, 1048, 1023, 960, 1044, 1011, 1024, 971, 1008, 999, 951, 1027, 1017, 995, 965, 1075, 961, 976, 997, 1028, 1030, 960, 973, 1034; 1011, 939, 1012, 1021, 1010, 980, 1017, 1005, 999, 1051, 1011, 962, 998, 1001, 960, 1020, 993, 995, 994, 969, 1018, 997, 993, 1000, 1052, 963, 980, 1004, 1005, 1009, 1053, 952, 1028, 998, 1004, 956, 1024, 989, 972, 968, 1009, 955, 972, 1062, 1027, 1008, 991, 986, 1019, 987, 1018, 963, 1016, 1021, 1005, 1017, 938, 962, 1049, 974, 999, 997, 983, 1034, 993, 1048, 938, 1005, 940, 964, 983, 1012, 1006, 962, 1052, 971, 1038, 1012, 975, 1052, 1040, 997, 992, 945, 982, 987, 990, 1014, 1014, 1004, 979, 985, 989, 962, 1012, 1065, 1000, 1026, 931, 984, 1018, 989; 1001, 992, 1010, 973, 1025, 1058, 1010, 1026, 1015, 959, 1003, 981, 976, 981, 1019, 968, 1078, 1013, 1015, 1014, 974, 941, 1063, 984, 1058, 1009, 993, 961, 1016, 1038, 956, 966, 1080, 990, 1010, 978, 971, 981, 1041, 1062, 994, 957, 990, 1034, 967, 1038, 939, 1047, 989, 984, 1041, 1002, 975, 977, 1033, 988, 992, 1030, 982, 1035, 1010, 1007, 982, 992, 981, 1012, 1033, 1027, 1012, 1057, 985, 1024, 1000, 944, 956, 992, 961, 971, 1026, 1039, 1042, 1033, 981, 1028, 1023, 992, 1008, 1003, 1005, 1039, 991, 1043, 974, 1000, 970, 1020, 1064, 1049, 1014, 984, 1030, 1019; 1055, 975, 1010, 1049, 964, 1049, 997, 1014, 1016, 956, 1015, 993, 954, 989, 993, 976, 997, 1010, 1024, 983, 1009, 1021, 999, 1051, 988, 978, 980, 972, 971, 1027, 965, 997, 1020, 980, 948, 993, 972, 1027, 975, 1024, 993, 997, 959, 988, 997, 975, 988, 985, 962, 1059, 1015, 989, 996, 1013, 957, 1000, 998, 1006, 944, 1026, 1061, 978, 978, 977, 1054, 990, 977, 1002, 1030, 1002, 996, 1011, 1008, 1069, 1002, 1035, 998, 994, 1038, 986, 946, 959, 962, 976, 1033, 961, 967, 995, 999, 1000, 1029, 991, 984, 983, 977, 996, 1030, 962, 1041, 1025, 1029, 993; 1059, 1000, 979, 1024, 987, 964, 1003, 976, 1003, 971, 1045, 1028, 1012, 982, 1007, 1015, 944, 953, 1020, 1029, 927, 1077, 993, 1032, 978, 1008, 998, 989, 1070, 1048, 1038, 1013, 1039, 1015, 969, 1028, 956, 1002, 1015, 1021, 1009, 1036, 957, 1030, 965, 987, 1020, 897, 978, 1006, 975, 995, 991, 990, 996, 1007, 1003, 986, 1048, 977, 1014, 1029, 964, 966, 1011, 986, 978, 1024, 1032, 1014, 998, 948, 958, 1015, 1049, 973, 988, 1013, 1063, 1030, 979, 995, 1015, 1042, 1002, 960, 984, 1007, 1025, 1027, 1001, 1032, 957, 992, 1009, 1017, 1008, 1040, 1022, 1041, 948, 1002; 1054, 981, 958, 968, 1039, 955, 1017, 955, 1036, 1036, 1031, 986, 1039, 1009, 941, 1030, 974, 995, 938, 1007, 992, 990, 981, 993, 1062, 999, 1039, 967, 988, 988, 1078, 985, 1020, 1030, 1022, 1032, 984, 977, 1019, 995, 1021, 1001, 1060, 1039, 975, 1022, 1033, 1024, 970, 1024, 988, 995, 977, 1059, 959, 991, 1003, 1027, 939, 1026, 1019, 929, 1038, 1042, 1018, 1013, 989, 1008, 940, 1011, 999, 1007, 989, 985, 968, 1003, 998, 1008, 1014, 985, 1010, 957, 976, 989, 998, 985, 1018, 937, 1005, 1015, 968, 964, 959, 998, 1029, 1026, 952, 972, 1027, 1018, 1026, 1015; 974, 1088, 955, 1005, 1068, 1070, 1004, 957, 978, 1011, 1017, 1031, 997, 1015, 1000, 1018, 943, 956, 990, 1072, 983, 995, 954, 982, 997, 1027, 1017, 977, 1029, 1010, 979, 979, 990, 1009, 1031, 955, 1018, 956, 964, 943, 927, 1011, 991, 1062, 979, 1019, 1005, 1070, 992, 956, 1077, 1012, 1002, 994, 945, 1023, 951, 986, 1041, 942, 1008, 1015, 963, 912, 1005, 970, 998, 938, 978, 1026, 1003, 1032, 1031, 992, 953, 1010, 986, 968, 995, 981, 949, 972, 1041, 973, 1029, 983, 997, 960, 1053, 1020, 1031, 984, 967, 986, 1060, 1003, 1068, 981, 1047, 1054, 993, 1000; 1034, 980, 994, 1051, 962, 956, 1030, 1010, 1010, 940, 948, 1017, 1065, 1069, 966, 937, 971, 1029, 1015, 1058, 1025, 989, 962, 1039, 991, 992, 988, 1036, 986, 997, 1051, 977, 953, 987, 930, 1046, 1045, 998, 1045, 981, 978, 990, 1021, 999, 981, 987, 1021, 1001, 987, 969, 1017, 946, 973, 1041, 1003, 948, 1034, 1031, 995, 1007, 1013, 989, 1006, 955, 986, 1046, 1022, 997, 1020, 900, 877, 1049, 939, 971, 978, 1010, 1014, 987, 1034, 1004, 1017, 995, 1006, 989, 978, 936, 999, 1063, 987, 1000, 1039, 922, 1021, 972, 1063, 1013, 1042, 999, 1034, 985, 948, 1048; 1034, 957, 980, 989, 979, 991, 1015, 975, 1065, 942, 965, 1014, 992, 1032, 969, 1056, 978, 1008, 1018, 1007, 1027, 927, 1023, 1051, 1037, 1018, 1017, 970, 1043, 933, 981, 1017, 1008, 953, 939, 970, 1007, 990, 978, 1018, 1012, 968, 1005, 1034, 1023, 1013, 988, 955, 964, 978, 1004, 1066, 996, 1042, 1023, 977, 965, 1009, 1039, 1080, 1019, 995, 1009, 1003, 1027, 934, 1033, 967, 945, 1018, 1002, 1025, 1036, 1049, 947, 1003, 1043, 970, 1008, 1015, 999, 967, 1045, 989, 1008, 1032, 1052, 930, 1016, 996, 1025, 1021, 1019, 970, 981, 1008, 953, 1002, 1000, 1061, 995, 971; 950, 973, 998, 1022, 1072, 970, 975, 951, 1023, 1036, 1090, 967, 1028, 1040, 1044, 1008, 946, 1020, 1020, 1004, 1036, 1022, 1050, 1026, 1005, 1007, 