obsFrequencies = [ 0, 0, 0, 0, 0, 0, 0, 0, 0, 0, 0, 0, 0, 0, 0, 0, 0, 0, 51, 328, 648, 823, 1043, 1170, 1252, 1291, 1283, 1151, 1094, 844, 621, 357, 55, 0, 0, 0, 0, 0, 0, 0, 0, 0, 0, 0, 0, 0, 0, 0, 0, 0, 0; 0, 0, 0, 0, 0, 0, 0, 0, 0, 0, 0, 0, 0, 0, 0, 44, 449, 906, 1221, 1307, 1310, 1278, 1252, 1278, 1299, 1310, 1208, 1260, 1284, 1309, 1319, 1270, 1237, 925, 445, 42, 0, 0, 0, 0, 0, 0, 0, 0, 0, 0, 0, 0, 0, 0, 0; 0, 0, 0, 0, 0, 0, 0, 0, 0, 0, 0, 0, 0, 98, 646, 1140, 1265, 1226, 1290, 1315, 1334, 1289, 1249, 1283, 1288, 1275, 1196, 1261, 1292, 1268, 1309, 1247, 1263, 1255, 1283, 1237, 574, 86, 0, 0, 0, 0, 0, 0, 0, 0, 0, 0, 0, 0, 0; 0, 0, 0, 0, 0, 0, 0, 0, 0, 0, 0, 20, 535, 1216, 1349, 1312, 1353, 1267, 1380, 1297, 1308, 1332, 1260, 1285, 1282, 1285, 1248, 1277, 1246, 1268, 1257, 1291, 1202, 1280, 1235, 1319, 1295, 1208, 561, 31, 0, 0, 0, 0, 0, 0, 0, 0, 0, 0, 0; 0, 0, 0, 0, 0, 0, 0, 0, 0, 0, 225, 1042, 1268, 1295, 1251, 1279, 1261, 1269, 1257, 1248, 1322, 1204, 1294, 1295, 1205, 1292, 1244, 1300, 1349, 1283, 1212, 1289, 1244, 1321, 1265, 1329, 1200, 1260, 1253, 1027, 191, 0, 0, 0, 0, 0, 0, 0, 0, 0, 0; 0, 0, 0, 0, 0, 0, 0, 0, 0, 420, 1158, 1221, 1288, 1213, 1244, 1319, 1241, 1309, 1284, 1273, 1272, 1209, 1312, 1236, 1310, 1265, 1271, 1244, 1276, 1227, 1250, 1271, 1238, 1208, 1249, 1264, 1300, 1241, 1291, 1235, 1253, 453, 0, 0, 0, 0, 0, 0, 0, 0, 0; 0, 0, 0, 0, 0, 0, 0, 1, 666, 1231, 1249, 1268, 1283, 1261, 1305, 1273, 1269, 1224, 1189, 1288, 1308, 1292, 1216, 1291, 1265, 1285, 1275, 1261, 1198, 1256, 1230, 1313, 1264, 1275, 1300, 1310, 1292, 1204, 1334, 1316, 1310, 1299, 647, 0, 0, 0, 0, 0, 0, 0, 0; 0, 0, 0, 0, 0, 0, 0, 742, 1336, 1291, 1280, 1257, 1329, 1275, 1301, 1293, 1260, 1241, 1269, 1235, 1247, 1246, 1239, 1249, 1273, 1264, 1250, 1342, 1290, 1308, 1280, 1266, 1281, 1283, 1282, 1284, 1267, 1281, 1279, 1300, 1242, 1307, 1221, 688, 2, 0, 0, 0, 0, 0, 0; 0, 0, 0, 0, 0, 0, 648, 1291, 1243, 1262, 1320, 1249, 1361, 1252, 1322, 1293, 1289, 1239, 1311, 1234, 1288, 1273, 1225, 1268, 1250, 1296, 1337, 1310, 1315, 1245, 1182, 1306, 1306, 1292, 1232, 1287, 1300, 1355, 1296, 1193, 1277, 1289, 1252, 1279, 656, 0, 0, 0, 0, 0, 0; 0, 0, 0, 0, 0, 435, 1319, 1300, 1254, 1307, 1262, 1281, 1272, 1328, 1321, 1273, 1297, 1246, 1232, 1249, 1318, 1274, 1294, 1297, 1270, 1266, 1313, 1234, 1302, 1308, 1261, 1246, 1282, 1260, 1296, 1275, 1224, 1320, 1244, 1209, 1252, 1282, 1285, 1241, 1268, 468, 0, 0, 0, 0, 0; 0, 0, 0, 0, 212, 1233, 1246, 1239, 1276, 1248, 1166, 1295, 1228, 1319, 1278, 1296, 1274, 1282, 1308, 1237, 1266, 1306, 1221, 1262, 1251, 1270, 1282, 1281, 1280, 1323, 1282, 1269, 1279, 1239, 1340, 1239, 1253, 1284, 1256, 1218, 1270, 1302, 1294, 1307, 1213, 1256, 193, 0, 0, 0, 0; 0, 0, 0, 16, 999, 1314, 1269, 1327, 1312, 1288, 1253, 1246, 1300, 1318, 1296, 1266, 1278, 1265, 1328, 1230, 1260, 1262, 1332, 1280, 1208, 1253, 1214, 1313, 1241, 1280, 1243, 1270, 1308, 1255, 1287, 1320, 1282, 1314, 1269, 1301, 1270, 1331, 1278, 1300, 1254, 1336, 1017, 19, 0, 0, 0; 0, 0, 0, 521, 1313, 1345, 1237, 1266, 1282, 1273, 1316, 1229, 1326, 1282, 1320, 1253, 1282, 1238, 1298, 1338, 1198, 1314, 1260, 1276, 1278, 1304, 1188, 1248, 1289, 1308, 1296, 1326, 1249, 1217, 1292, 1247, 1246, 1281, 1211, 1268, 1248, 1253, 1248, 1268, 1292, 1288, 1290, 572, 0, 0, 0; 0, 0, 77, 1193, 1292, 1283, 1265, 1292, 1321, 1283, 1277, 1300, 1195, 1215, 1323, 1259, 1233, 1284, 1297, 1312, 1311, 1319, 1318, 1262, 1337, 1279, 1226, 1240, 1304, 1289, 1326, 1293, 1271, 1307, 1300, 1241, 1302, 1268, 1292, 1288, 1275, 1344, 1197, 1268, 1259, 1213, 1232, 1161, 93, 0, 0; 0, 0, 632, 1271, 1298, 1282, 1273, 1291, 1266, 1252, 1258, 1226, 1282, 1228, 1208, 1264, 1288, 1264, 1246, 1296, 1219, 1326, 1265, 1277, 1258, 1318, 1309, 1343, 1277, 1256, 1287, 1267, 1219, 1330, 1250, 1287, 1242, 1235, 1262, 1264, 1322, 1276, 1236, 1268, 1265, 1273, 1259, 1252, 658, 0, 0; 0, 31, 1130, 1284, 1269, 1242, 1293, 1241, 1240, 1281, 1252, 1311, 1210, 1274, 1280, 1281, 1264, 1379, 1279, 1291, 1257, 1283, 1253, 1296, 1311, 1240, 1216, 1282, 1226, 1280, 1309, 1253, 1350, 1320, 1266, 1296, 1233, 1242, 1325, 1312, 1292, 1281, 1302, 1262, 1290, 1258, 1233, 1313, 1179, 50, 0; 0, 397, 1263, 1272, 1278, 1310, 1285, 1231, 1245, 1288, 1274, 1249, 1339, 1303, 1250, 1307, 1220, 1219, 1279, 1271, 1292, 1215, 1233, 1350, 1314, 1277, 1308, 1351, 1294, 1238, 1280, 1275, 1257, 1234, 1261, 1292, 1340, 1260, 1286, 1285, 1303, 1256, 1269, 1238, 1293, 1260, 1232, 1237, 1220, 442, 0; 0, 906, 1243, 1299, 1277, 1297, 1224, 1237, 1279, 1300, 1323, 1299, 1297, 1294, 1388, 1261, 1249, 1302, 1282, 1303, 1229, 1236, 1267, 1332, 1242, 1241, 1258, 1295, 1334, 1262, 1289, 1329, 1287, 1279, 1324, 1305, 1252, 1255, 1303, 1249, 1273, 1233, 1308, 1302, 1275, 1239, 1252, 1229, 1251, 941, 0; 53, 1264, 1254, 1296, 1290, 1327, 1279, 1266, 1320, 1277, 1281, 1295, 1261, 1270, 1267, 1266, 1280, 1281, 1249, 1299, 1268, 1294, 1274, 1219, 1278, 1285, 1230, 1294, 1267, 1268, 1254, 1284, 1246, 1338, 1301, 1199, 1226, 1267, 1267, 1245, 1340, 1245, 1219, 1259, 1289, 1283, 1257, 1238, 1296, 1242, 60; 365, 1297, 1268, 1299, 1290, 1282, 1309, 1187, 1270, 1344, 1305, 1269, 1236, 1300, 1260, 1322, 1341, 1288, 1282, 1200, 1298, 1315, 1277, 1290, 1223, 1246, 1309, 1310, 1293, 1254, 1287, 1258, 1314, 1314, 1257, 1253, 1249, 1274, 1224, 1243, 1300, 1246, 1290, 1248, 1214, 1258, 1219, 1310, 1263, 1295, 347; 601, 1303, 1309, 1159, 1230, 1245, 1323, 1321, 1267, 1258, 1264, 1333, 1242, 1266, 1282, 1234, 1291, 1207, 1297, 1293, 1253, 1301, 1251, 1269, 1350, 1278, 1287, 1241, 1268, 1284, 1222, 1264, 1311, 1257, 1278, 1309, 1265, 1302, 1306, 1234, 1275, 1249, 1241, 1291, 1280, 1269, 1279, 1254, 1238, 1264, 662; 864, 1281, 1339, 1264, 1288, 1311, 1257, 1292, 1268, 1263, 1286, 1242, 1249, 1288, 1278, 1220, 1304, 1261, 1290, 1342, 1311, 1231, 1236, 1256, 1242, 1216, 1284, 1312, 1275, 1270, 1304, 1282, 1284, 1311, 1270, 1281, 1272, 1310, 1312, 1281, 1251, 1289, 1285, 1266, 1265, 1280, 1286, 1238, 1350, 1264, 805; 1018, 1264, 1319, 1285, 1276, 1245, 1247, 1300, 1276, 1340, 1286, 1276, 1216, 1249, 1233, 1241, 1261, 1350, 1338, 1305, 1287, 1229, 1268, 1305, 1207, 1292, 1268, 1252, 1287, 1260, 1256, 1270, 1262, 1246, 1211, 1178, 1302, 1185, 1217, 1264, 1257, 1283, 1317, 1240, 1274, 1294, 1271, 1289, 1272, 1273, 1038; 1174, 1312, 1308, 1251, 1289, 1262, 1293, 1287, 1243, 1299, 1281, 1274, 1191, 1222, 1315, 1258, 1235, 1264, 1265, 1210, 1242, 1201, 1259, 1297, 1253, 1251, 1343, 1274, 1245, 1286, 1226, 1248, 1273, 1277, 1282, 1246, 1246, 1296, 1400, 1272, 1264, 1328, 1318, 1267, 1289, 1293, 1220, 1289, 1257, 1287, 1150; 1277, 1327, 1242, 1268, 1247, 1245, 1240, 1281, 1286, 1230, 1293, 1267, 1235, 1287, 1183, 1261, 1255, 1281, 1240, 1269, 1294, 1264, 1324, 1284, 1323, 1322, 1280, 1227, 1229, 1244, 1316, 1210, 1285, 1212, 1295, 1235, 1270, 1220, 1261, 1247, 1257, 1296, 1315, 1252, 1245, 1196, 1266, 1265, 1325, 1299, 1236; 1235, 1270, 1287, 1249, 1204, 1313, 1283, 1263, 1245, 1242, 1288, 1246, 1277, 1282, 1197, 1221, 1259, 1291, 1278, 1289, 1261, 1192, 1272, 1285, 1315, 1281, 1261, 1208, 1210, 1261, 1280, 1199, 1276, 1321, 1271, 1235, 1265, 1273, 1282, 1228, 1302, 1261, 1362, 1227, 1237, 1252, 1240, 1270, 1320, 1211, 1320; 1261, 1267, 1356, 1244, 1280, 1330, 1306, 1159, 1261, 1219, 1273, 1243, 1269, 1269, 1281, 1243, 1288, 1298, 1301, 1265, 1274, 1266, 1240, 1248, 1216, 1273, 1271, 1292, 1239, 1309, 1266, 1290, 1260, 1292, 1302, 1261, 1259, 1283, 1277, 1218, 1263, 1271, 1282, 1253, 1268, 1296, 1256, 1289, 1198, 1245, 1222; 1176, 1287, 1229, 1261, 1297, 1311, 1223, 1295, 1300, 1281, 1276, 1332, 1277, 1261, 1237, 1283, 1304, 1244, 1317, 1319, 1287, 1332, 1257, 1282, 1286, 1301, 1313, 1344, 1291, 1300, 1285, 1284, 1307, 1239, 1261, 1230, 1269, 1305, 1282, 1303, 1270, 1218, 1303, 1265, 1320, 1288, 1267, 1242, 1225, 1322, 1162; 1089, 1286, 1276, 1279, 1314, 1277, 1285, 1253, 1256, 1276, 1272, 1295, 1216, 1243, 1265, 1356, 1260, 1258, 1266, 1303, 1306, 1312, 1252, 1241, 1259, 1288, 1262, 1278, 1327, 1279, 1284, 1213, 1252, 