obsFrequencies = [ 960, 1044, 994, 1029, 980, 1024, 1060, 980, 944, 1021, 999, 998, 1014, 1022, 953, 933, 996, 1045, 973, 1003, 1009, 1012, 992, 1010, 1024, 975, 1004, 1024, 977, 1026, 1039, 967, 1016, 1006, 1006, 960, 969, 969, 1019, 977, 962, 976, 997, 970, 1008, 1008, 1008, 957, 986, 1004, 1057; 926, 1055, 976, 1031, 1025, 1022, 1021, 977, 976, 983, 987, 1026, 1013, 1007, 981, 1022, 1014, 1016, 980, 957, 1012, 1002, 1026, 993, 988, 964, 1038, 1019, 969, 1006, 1034, 1072, 1009, 938, 990, 996, 1017, 991, 949, 1020, 1052, 994, 1054, 1019, 997, 964, 987, 1035, 990, 997, 999; 1008, 997, 1007, 998, 983, 967, 989, 979, 1012, 1028, 993, 1007, 981, 1058, 1005, 978, 973, 1012, 1022, 986, 1003, 980, 1016, 999, 1077, 1022, 965, 1000, 1071, 957, 999, 966, 982, 988, 978, 1026, 961, 1074, 1033, 1039, 989, 1054, 978, 982, 1005, 969, 1013, 1040, 997, 1037, 1002; 979, 987, 973, 958, 1005, 1001, 1016, 999, 1013, 1011, 942, 1011, 1069, 1015, 937, 1013, 1046, 1010, 1010, 946, 1062, 1045, 1011, 1006, 1011, 1002, 986, 959, 941, 1029, 1060, 978, 970, 984, 997, 1088, 1015, 983, 1040, 1008, 1020, 997, 1040, 1009, 984, 1016, 1028, 997, 1018, 994, 1047; 1035, 1065, 985, 982, 1024, 958, 942, 999, 1005, 980, 1044, 974, 938, 985, 988, 1035, 952, 1043, 987, 1049, 1025, 1022, 984, 980, 995, 980, 990, 986, 1009, 981, 963, 968, 1005, 1029, 1000, 977, 1044, 1034, 930, 1003, 999, 992, 1014, 1031, 950, 999, 956, 983, 957, 1041, 965; 1016, 985, 1027, 964, 996, 951, 1026, 988, 992, 993, 1032, 968, 970, 945, 1000, 989, 974, 1064, 1020, 981, 998, 1011, 992, 1039, 1038, 917, 1009, 1023, 1003, 1037, 942, 955, 1026, 977, 1011, 1003, 1030, 1025, 982, 990, 1002, 1017, 928, 1004, 1048, 1048, 1017, 937, 1023, 940, 955; 1046, 1046, 1016, 996, 980, 968, 1067, 947, 992, 1012, 965, 1019, 1030, 1023, 997, 1073, 992, 987, 1069, 997, 995, 999, 1047, 973, 997, 970, 997, 988, 997, 990, 1004, 1015, 985, 1007, 989, 1040, 983, 1021, 1009, 1022, 1021, 1042, 979, 1052, 978, 1049, 988, 946, 1013, 1018, 1017; 1020, 977, 972, 982, 1001, 943, 1042, 952, 969, 982, 1019, 1042, 947, 1010, 999, 1002, 1013, 1013, 1045, 939, 996, 1027, 1027, 970, 957, 1005, 1002, 958, 1033, 943, 960, 968, 972, 987, 1008, 1002, 1014, 987, 962, 973, 992, 980, 985, 984, 967, 1042, 954, 1025, 999, 1010, 933; 1052, 989, 1035, 999, 1073, 934, 944, 996, 995, 1053, 1002, 1002, 977, 1020, 1001, 1046, 1014, 984, 991, 1020, 954, 1009, 1002, 1016, 983, 1012, 1050, 994, 1038, 1028, 983, 1018, 1052, 1026, 1021, 979, 984, 1070, 984, 1071, 971, 957, 1012, 1015, 999, 968, 964, 979, 1044, 994, 1011; 968, 1001, 1009, 1052, 1006, 987, 1043, 987, 977, 982, 963, 1016, 1050, 959, 1005, 995, 1010, 1000, 938, 1030, 968, 1076, 987, 984, 1024, 1030, 996, 1020, 1005, 942, 989, 1015, 1016, 1002, 951, 1043, 949, 980, 1001, 977, 1034, 977, 965, 997, 1001, 1001, 968, 1028, 992, 1052, 998; 998, 1044, 1047, 1009, 1011, 997, 1019, 999, 974, 1013, 996, 1010, 989, 974, 996, 1013, 1020, 1044, 983, 1020, 988, 1002, 979, 996, 984, 1030, 993, 988, 1017, 980, 1008, 1017, 964, 985, 1004, 995, 988, 956, 1011, 976, 1006, 1040, 949, 978, 964, 939, 971, 1001, 1043, 979, 1023; 1017, 987, 942, 975, 955, 1021, 958, 991, 977, 974, 1014, 1063, 982, 945, 962, 994, 965, 1003, 943, 1056, 973, 966, 984, 983, 1001, 1083, 987, 1022, 1001, 999, 986, 989, 1025, 987, 1013, 961, 1042, 1019, 1008, 1036, 1033, 1042, 964, 1002, 978, 1029, 1032, 958, 1026, 1028, 998; 1028, 1032, 1049, 958, 983, 1043, 1008, 1007, 997, 1010, 979, 993, 1023, 1056, 999, 1022, 1017, 1033, 994, 1028, 957, 958, 1006, 970, 999, 987, 1023, 989, 1010, 963, 1041, 994, 1015, 974, 1001, 1000, 1012, 1057, 958, 1003, 952, 936, 1027, 1038, 961, 993, 1014, 989, 982, 999, 976; 995, 1053, 990, 983, 1026, 1012, 983, 1012, 951, 1015, 981, 1034, 963, 978, 1014, 980, 989, 1003, 956, 977, 1082, 961, 971, 1039, 987, 1060, 1049, 954, 1009, 1040, 1029, 990, 923, 1012, 1012, 1022, 1039, 1024, 979, 1033, 992, 1042, 987, 1005, 1022, 1047, 1030, 985, 984, 1006, 1001; 1012, 1013, 1073, 999, 987, 1041, 1011, 1071, 965, 932, 956, 1002, 1013, 1052, 1003, 961, 980, 981, 1038, 998, 976, 996, 1006, 987, 970, 1063, 1010, 1066, 1045, 994, 991, 1008, 1014, 980, 1066, 1002, 1010, 945, 990, 992, 1008, 946, 930, 970, 1025, 974, 943, 1069, 987, 915, 1053; 990, 1068, 1014, 979, 960, 979, 1036, 957, 1019, 992, 977, 1039, 955, 1067, 988, 1030, 969, 1001, 967, 931, 1057, 1058, 1001, 1005, 949, 1009, 967, 958, 1009, 1016, 1021, 985, 1005, 980, 1009, 1021, 972, 1016, 1054, 1027, 981, 955, 983, 986, 995, 931, 1006, 989, 978, 1010, 1014; 993, 1034, 981, 1021, 973, 1062, 1027, 1002, 967, 954, 1001, 994, 996, 918, 971, 1030, 1034, 1020, 952, 1023, 977, 991, 1064, 1038, 1004, 1041, 954, 1067, 1001, 1077, 996, 1024, 954, 1000, 987, 948, 989, 930, 1018, 1025, 972, 1063, 963, 1013, 973, 1052, 997, 1014, 1016, 1008, 1011; 959, 1006, 1028, 961, 950, 1008, 995, 1025, 1004, 946, 1004, 997, 1014, 978, 1015, 976, 1000, 982, 972, 1005, 994, 985, 1001, 962, 968, 984, 1020, 1010, 949, 1036, 1012, 1007, 998, 1024, 1097, 995, 1049, 996, 1007, 1011, 1033, 1000, 992, 1012, 979, 997, 1069, 985, 963, 1001, 934; 1014, 963, 982, 971, 1021, 1023, 976, 990, 993, 984, 1000, 971, 973, 1005, 1014, 972, 938, 1033, 1000, 1056, 1056, 974, 969, 1011, 1011, 988, 1033, 983, 965, 1010, 1066, 985, 986, 987, 987, 965, 986, 987, 998, 1006, 1024, 1042, 980, 969, 1000, 963, 978, 1021, 963, 1016, 997; 971, 1015, 1018, 988, 973, 1005, 996, 974, 1019, 1004, 985, 1003, 1029, 991, 1005, 990, 978, 991, 1018, 1019, 1037, 1045, 1001, 960, 987, 1027, 1044, 1022, 1018, 1026, 1043, 966, 997, 995, 944, 961, 989, 1062, 1022, 961, 987, 1024, 1014, 962, 981, 996, 1047, 1035, 954, 1027, 959; 1001, 1005, 1029, 990, 967, 998, 983, 958, 1062, 973, 988, 1000, 974, 994, 955, 962, 987, 943, 1017, 950, 1027, 963, 994, 1017, 1000, 974, 1003, 1004, 1043, 1029, 978, 976, 1004, 970, 986, 1003, 1000, 942, 996, 974, 984, 936, 947, 1024, 989, 933, 1003, 951, 1081, 998, 1051; 968, 1055, 1014, 1031, 1028, 937, 1057, 1009, 986, 971, 969, 977, 963, 985, 1017, 1021, 1040, 993, 1005, 988, 1041, 1077, 1019, 1004, 1020, 1006, 1041, 974, 1035, 1015, 977, 1002, 993, 965, 1023, 1013, 985, 954, 981, 1063, 991, 993, 998, 986, 975, 952, 955, 998, 984, 1105, 993; 971, 1028, 1022, 1025, 989, 968, 1021, 989, 1018, 1031, 1063, 1018, 991, 1059, 1042, 943, 1024, 968, 989, 1027, 1046, 968, 967, 1074, 970, 953, 992, 1005, 992, 985, 995, 1006, 1035, 994, 976, 958, 965, 1009, 1069, 1044, 978, 1052, 1013, 985, 1059, 1058, 978, 1022, 1014, 1028, 1047; 997, 982, 1026, 1000, 1018, 992, 1016, 964, 1081, 944, 1014, 977, 953, 1012, 970, 1006, 1001, 1002, 996, 973, 1007, 957, 1038, 1021, 1000, 990, 1048, 1064, 935, 1029, 999, 1002, 1025, 988, 985, 968, 1012, 908, 1049, 993, 1006, 1071, 1001, 994, 1041, 961, 997, 1002, 1014, 983, 988; 981, 970, 1022, 1026, 1046, 1032, 1022, 989, 971, 1016, 965, 942, 1011, 1048, 991, 997, 1002, 1041, 949, 984, 1016, 1052, 1001, 980, 1016, 984, 952, 944, 1008, 1019, 1033, 1048, 971, 1041, 1011, 1028, 1009, 968, 993, 1017, 995, 997, 981, 1073, 1012, 1049, 1007, 936, 1015, 1013, 975; 1006, 958, 1002, 978, 979, 1016, 1026, 944, 939, 968, 1030, 1021, 991, 986, 996, 966, 967, 1064, 956, 939, 973, 1010, 1022, 983, 977, 965, 985, 1043, 972, 1026, 980, 1057, 1014, 1016, 961, 953, 979, 957, 994, 997, 1058, 1009, 990, 1008, 1023, 1027, 977, 1011, 1027, 988, 992; 1002, 957, 1029, 963, 1010, 976, 985, 952, 1004, 1000, 964, 996, 994, 953, 971, 1008, 1037, 1021, 953, 1090, 1009, 958, 1034, 947, 1035, 1003, 1018, 983, 1001, 957, 1007, 960, 1026, 1002, 1040, 972, 980, 955, 1036, 1003, 1058, 992, 1001, 1086, 1007, 983, 1055, 964, 987, 1003, 986; 1018, 996, 1008, 987, 1009, 998, 993, 1012, 1000, 981, 952, 984, 960, 942, 961, 1021, 951, 996, 1036, 1006, 1017, 1061, 963, 982, 1010, 1027, 1022, 963, 1029, 1054, 926, 1031, 1004, 1001, 958, 1001, 994, 986, 1044, 953, 963, 1033, 1041, 1009, 990, 985, 979, 1037, 994, 989, 1010; 997, 941, 963, 978, 1022, 1033, 1015, 1020, 918, 1001, 985, 1041, 1015, 975, 989, 930, 1028, 987, 1015, 1033, 1011, 995, 997, 1042, 