obsFrequencies = [ 0, 0, 0, 0, 0, 0, 0, 0, 0, 0, 0, 0, 0, 0, 0, 0, 0, 0, 77, 425, 732, 1015, 1013, 1245, 1610, 1804, 1624, 1284, 1081, 1013, 781, 470, 85, 0, 0, 0, 0, 0, 0, 0, 0, 0, 0, 0, 0, 0, 0, 0, 0, 0, 0; 0, 0, 0, 0, 0, 0, 0, 0, 0, 0, 0, 0, 0, 0, 1, 79, 673, 1145, 1336, 1235, 1174, 952, 994, 858, 954, 1126, 934, 849, 983, 978, 1128, 1267, 1478, 1189, 701, 66, 0, 0, 0, 0, 0, 0, 0, 0, 0, 0, 0, 0, 0, 0, 0; 0, 0, 0, 0, 0, 0, 0, 0, 0, 0, 0, 0, 0, 161, 1022, 1731, 1674, 1364, 983, 770, 708, 605, 610, 552, 573, 541, 525, 602, 587, 528, 668, 866, 1067, 1409, 1696, 1776, 990, 141, 0, 0, 0, 0, 0, 0, 0, 0, 0, 0, 0, 0, 0; 0, 0, 0, 0, 0, 0, 0, 0, 0, 0, 0, 15, 997, 1887, 1776, 1544, 1347, 1271, 1024, 966, 733, 548, 502, 517, 543, 487, 557, 604, 613, 655, 798, 825, 834, 899, 1045, 1255, 1526, 1706, 897, 9, 0, 0, 0, 0, 0, 0, 0, 0, 0, 0, 0; 0, 0, 0, 0, 0, 0, 0, 0, 0, 0, 314, 1601, 2081, 1503, 1258, 1158, 1262, 1324, 1236, 1201, 908, 593, 496, 524, 510, 475, 536, 508, 609, 954, 805, 631, 567, 581, 597, 649, 846, 1239, 1779, 1488, 299, 0, 0, 0, 0, 0, 0, 0, 0, 0, 0; 0, 0, 0, 0, 0, 0, 0, 0, 2, 649, 1867, 1684, 1467, 1112, 1077, 1179, 1302, 1142, 864, 708, 638, 634, 553, 469, 495, 502, 514, 536, 597, 561, 513, 474, 521, 507, 559, 506, 515, 638, 1057, 1580, 1774, 656, 0, 0, 0, 0, 0, 0, 0, 0, 0; 0, 0, 0, 0, 0, 0, 0, 0, 907, 1895, 1534, 1192, 1032, 988, 1170, 1115, 840, 628, 616, 565, 595, 626, 589, 547, 534, 543, 562, 552, 476, 549, 518, 427, 437, 493, 443, 465, 509, 459, 620, 820, 1424, 1879, 906, 0, 0, 0, 0, 0, 0, 0, 0; 0, 0, 0, 0, 0, 0, 0, 1110, 2024, 1455, 1113, 927, 1060, 959, 944, 638, 551, 569, 627, 589, 602, 629, 676, 635, 593, 589, 529, 566, 491, 537, 493, 474, 470, 421, 404, 342, 366, 411, 498, 519, 805, 1334, 1767, 996, 0, 0, 0, 0, 0, 0, 0; 0, 0, 0, 0, 0, 0, 1047, 2004, 1458, 1117, 975, 900, 1137, 787, 625, 586, 548, 656, 745, 861, 917, 868, 787, 701, 640, 624, 597, 502, 558, 544, 508, 457, 425, 440, 392, 368, 321, 365, 434, 390, 512, 867, 1253, 1725, 862, 0, 0, 0, 0, 0, 0; 0, 0, 0, 0, 0, 677, 2052, 1526, 1182, 1108, 878, 954, 796, 564, 566, 659, 788, 1002, 1514, 1982, 1781, 1237, 907, 776, 647, 648, 579, 555, 543, 524, 477, 447, 423, 406, 362, 335, 389, 376, 433, 407, 409, 504, 856, 1261, 1679, 565, 0, 0, 0, 0, 0; 0, 0, 0, 0, 265, 1981, 1538, 1253, 1425, 1549, 937, 640, 442, 471, 562, 768, 1290, 3143, 8992, 6973, 3140, 1464, 930, 824, 690, 626, 622, 571, 480, 451, 416, 416, 384, 395, 378, 347, 346, 355, 438, 546, 445, 434, 614, 967, 1352, 1639, 238, 0, 0, 0, 0; 0, 0, 0, 25, 1635, 1795, 1261, 1552, 1683, 858, 643, 399, 463, 494, 683, 1051, 5284, 54034, 47480, 9610, 2393, 1139, 887, 745, 711, 606, 535, 491, 483, 451, 423, 384, 410, 413, 400, 458, 302, 297, 344, 456, 677, 511, 431, 798, 1041, 1362, 1295, 13, 0, 0, 0; 0, 0, 0, 962, 2000, 1504, 1513, 1676, 853, 793, 629, 366, 496, 514, 828, 1345, 5128, 21355, 7958, 2723, 1332, 977, 809, 728, 654, 643, 563, 580, 537, 515, 461, 456, 450, 399, 397, 383, 381, 262, 260, 335, 499, 711, 631, 672, 1063, 1215, 1604, 751, 0, 0, 0; 0, 0, 158, 1859, 1500, 1280, 1278, 717, 671, 657, 473, 540, 712, 717, 750, 1097, 1444, 1632, 1355, 997, 866, 783, 705, 638, 630, 625, 501, 496, 501, 483, 444, 450, 397, 391, 393, 346, 271, 199, 253, 234, 259, 439, 679, 710, 955, 1058, 1212, 1405, 111, 0, 0; 0, 0, 1036, 1651, 1328, 1035, 734, 708, 792, 458, 537, 679, 957, 982, 942, 811, 944, 919, 841, 764, 722, 689, 655, 620, 633, 570, 569, 527, 500, 503, 469, 472, 408, 432, 483, 429, 234, 205, 254, 227, 262, 369, 487, 688, 868, 1072, 1132, 1314, 790, 0, 0; 0, 79, 1849, 1796, 1406, 691, 566, 889, 577, 473, 673, 857, 1196, 1245, 912, 721, 637, 723, 694, 652, 681, 678, 675, 659, 714, 668, 630, 573, 490, 497, 534, 465, 428, 428, 604, 620, 390, 296, 203, 272, 279, 853, 466, 574, 820, 958, 1073, 1176, 1323, 54, 0; 0, 706, 1853, 2235, 1473, 552, 793, 1160, 451, 442, 600, 819, 1377, 1291, 905, 581, 449, 541, 680, 647, 691, 726, 786, 753, 802, 714, 622, 603, 523, 554, 511, 493, 420, 406, 488, 432, 374, 315, 115, 260, 285, 325, 996, 430, 694, 930, 1069, 1107, 1371, 567, 0; 0, 1352, 1929, 2544, 966, 488, 905, 975, 346, 335, 433, 615, 1035, 1076, 715, 479, 401, 500, 620, 792, 824, 849, 910, 796, 820, 723, 640, 621, 578, 559, 475, 537, 421, 393, 415, 413, 389, 259, 411, 432, 373, 243, 592, 961, 642, 831, 981, 1120, 1067, 870, 0; 77, 1646, 2057, 2011, 664, 939, 1184, 757, 488, 355, 314, 369, 578, 619, 555, 456, 427, 508, 660, 726, 822, 822, 728, 673, 733, 614, 564, 520, 481, 525, 513, 437, 411, 485, 510, 504, 432, 356, 671, 602, 557, 315, 449, 1294, 717, 667, 907, 1119, 990, 1032, 55; 506, 1599, 1934, 1201, 665, 1154, 1166, 585, 684, 636, 549, 453, 483, 404, 427, 512, 586, 344, 524, 614, 750, 797, 702, 839, 828, 706, 614, 596, 607, 445, 498, 331, 343, 515, 540, 719, 561, 643, 1038, 842, 843, 652, 623, 880, 1148, 599, 1384, 1062, 767, 837, 292; 875, 1958, 2278, 913, 704, 1245, 1212, 528, 685, 776, 835, 872, 877, 632, 514, 609, 730, 519, 443, 693, 829, 2054, 10930, 15718, 20548, 15650, 712, 727, 1040, 1036, 623, 482, 584, 537, 653, 789, 855, 754, 1245, 1126, 1059, 626, 625, 814, 906, 578, 2124, 1521, 637, 708, 450; 1250, 2325, 2109, 745, 759, 1334, 1021, 527, 732, 839, 1086, 1160, 1395, 1356, 1393, 1133, 828, 419, 718, 6522, 10581, 19556, 38278, 49052, 54021, 38541, 929, 779, 12361, 50781, 28556, 585, 471, 597, 708, 971, 1145, 888, 1407, 1284, 1144, 747, 488, 636, 1282, 2422, 2159, 1896, 780, 567, 492; 1604, 2334, 1741, 907, 1204, 1618, 848, 584, 1121, 1370, 1134, 1444, 1620, 1790, 1768, 1318, 962, 918, 1075, 9954, 9589, 10171, 27995, 59579, 41648, 47791, 947, 782, 6694, 71998, 36111, 704, 991, 750, 659, 968, 1081, 886, 1397, 1160, 1151, 650, 613, 538, 774, 2680, 1547, 1919, 774, 520, 576; 1771, 2086, 1253, 919, 1363, 1475, 756, 800, 1316, 1614, 1210, 1465, 1120, 2515, 1832, 955, 2555, 787, 1733, 5855, 6123, 8759, 29693, 50600, 22153, 14818, 786, 672, 2134, 37547, 7591, 789, 995, 819, 713, 1109, 1157, 1376, 1266, 1187, 901, 806, 607, 549, 644, 1977, 1238, 1876, 933, 974, 1081; 1585, 1725, 1038, 967, 1439, 1320, 613, 782, 891, 1464, 798, 628, 923, 1581, 1053, 295, 301, 399, 586, 1509, 1626, 1154, 988, 1796, 920, 639, 634, 692, 721, 3898, 32183, 1505, 633, 679, 795, 1120, 1304, 1345, 658, 538, 442, 560, 556, 549, 699, 1106, 1351, 1863, 1258, 769, 690; 1851, 1716, 1028, 692, 909, 607, 575, 671, 735, 800, 600, 681, 793, 683, 749, 893, 383, 428, 245, 553, 681, 639, 584, 514, 429, 284, 430, 517, 550, 2683, 8587, 1014, 601, 1210, 1243, 954, 1099, 1171, 310, 130, 116, 96, 119, 155, 273, 982, 1382, 1828, 1149, 493, 633; 2013, 1816, 1021, 717, 450, 237, 239, 221, 223, 299, 327, 345, 293, 330, 377, 448, 510, 311, 253, 424, 535, 494, 582, 503, 320, 215, 217, 232, 278, 447, 513, 506, 537, 840, 755, 812, 915, 929, 594, 444, 458, 310, 339, 248, 338, 718, 1946, 2027, 1243, 531, 582; 1828, 1778, 1013, 666, 349, 236, 245, 261, 228, 270, 291, 300, 295, 305, 371, 369, 168, 149, 208, 283, 379, 386, 512, 470, 298, 201, 188, 211, 271, 411, 618, 474, 340, 543, 645, 668, 659, 673, 822, 727, 809, 775, 769, 647, 625, 870, 2432, 2036, 1048, 627, 546; 1259, 1295, 835, 637, 515, 437, 850, 275, 239, 298, 378, 414, 423, 521, 536, 479, 514, 459, 536, 962, 1234, 1790, 2675, 5526, 5159, 2135, 688, 543, 1233, 5976, 4414, 941, 565, 477, 478, 549, 555, 564, 585, 532, 456, 433, 464, 520, 764, 1153, 2331, 1915, 1096, 590, 509; 709, 847, 721, 726, 601, 869, 1325, 1110, 413, 479, 543, 409, 600, 571, 670, 501, 473, 1247, 706, 1044, 1410, 1754, 2491, 4859, 4817, 3207, 1082, 728, 1304, 3801, 2654, 925, 539, 497, 495, 451, 517, 490, 573, 492, 475, 423, 446, 411, 698, 881, 1646, 1835, 2398, 1527, 625; 463, 910, 809, 626, 529, 1126, 1405, 1025, 561, 574, 561, 496, 555, 523, 572, 481, 381, 460, 529, 744, 1011, 1315, 1971, 2899, 2888, 2513, 1093, 770, 1021, 1668, 1296, 691, 520, 490, 461, 478, 492, 467, 533, 477, 452, 408, 421, 465, 738, 829, 1323, 2107, 2959, 2792, 1063; 348, 1094, 1085, 1046, 750, 1122, 1108, 1146, 574, 487, 493, 446, 502, 441, 408, 357, 218, 322, 473, 494, 705, 839, 1174, 1490, 1734, 1357,