obsFrequencies = [ 1, 8, 8, 11, 10, 18, 21, 28, 29, 38, 33, 42, 35, 38, 52, 49, 56, 43, 46, 52, 61, 66, 70, 63, 70, 64, 71, 59, 69, 64, 56, 69, 47, 70, 56, 43, 38, 30, 33, 31, 35, 27, 25, 21, 17, 17, 20, 13, 7, 7, 1; 7, 16, 16, 29, 32, 40, 63, 66, 70, 85, 94, 110, 118, 128, 126, 145, 141, 177, 186, 168, 183, 216, 209, 218, 248, 241, 242, 202, 193, 201, 184, 150, 175, 149, 161, 167, 146, 118, 116, 97, 101, 92, 82, 65, 65, 41, 48, 34, 24, 12, 7; 6, 30, 35, 66, 82, 76, 86, 139, 126, 130, 161, 178, 197, 192, 209, 249, 237, 291, 275, 297, 293, 328, 369, 379, 395, 400, 351, 372, 343, 363, 317, 279, 259, 261, 258, 244, 206, 215, 186, 173, 147, 125, 121, 107, 111, 85, 69, 65, 35, 14, 13; 10, 21, 57, 70, 98, 138, 151, 166, 173, 237, 222, 235, 278, 310, 308, 346, 366, 375, 421, 430, 433, 461, 498, 481, 549, 522, 515, 531, 475, 519, 400, 417, 415, 370, 336, 296, 315, 273, 262, 238, 236, 189, 189, 165, 131, 127, 101, 77, 45, 47, 11; 9, 37, 72, 83, 107, 153, 206, 189, 238, 255, 302, 350, 340, 370, 384, 413, 441, 472, 512, 481, 579, 583, 618, 648, 682, 660, 703, 671, 647, 551, 566, 541, 512, 445, 450, 417, 398, 383, 364, 331, 307, 275, 232, 196, 174, 165, 128, 118, 66, 40, 15; 16, 52, 71, 113, 140, 187, 219, 243, 285, 331, 328, 397, 430, 478, 467, 529, 573, 644, 648, 670, 711, 725, 772, 728, 855, 836, 891, 773, 796, 706, 698, 639, 609, 574, 599, 519, 534, 437, 404, 402, 341, 334, 283, 259, 212, 205, 131, 115, 97, 48, 18; 14, 54, 104, 144, 160, 231, 279, 312, 356, 393, 447, 498, 519, 528, 572, 604, 637, 699, 718, 776, 837, 860, 879, 932, 980, 1035, 936, 968, 944, 827, 822, 793, 752, 695, 694, 613, 582, 573, 489, 446, 430, 387, 344, 267, 287, 207, 185, 136, 96, 67, 17; 15, 75, 121, 159, 206, 259, 302, 311, 389, 421, 486, 481, 535, 618, 652, 740, 763, 818, 857, 923, 966, 1017, 1057, 1095, 1138, 1177, 1188, 1037, 1006, 1004, 951, 847, 911, 833, 740, 722, 656, 632, 572, 556, 460, 459, 405, 357, 291, 257, 195, 169, 118, 74, 21; 34, 88, 124, 181, 232, 267, 347, 415, 469, 512, 540, 585, 649, 722, 742, 812, 839, 916, 1026, 961, 1028, 1110, 1138, 1170, 1343, 1336, 1237, 1272, 1199, 1107, 1048, 1032, 1000, 933, 911, 830, 791, 677, 640, 547, 592, 494, 447, 371, 358, 291, 258, 184, 130, 66, 27; 24, 80, 138, 208, 267, 306, 387, 420, 486, 542, 610, 678, 774, 776, 857, 944, 949, 1044, 1100, 1139, 1202, 1285, 1351, 1436, 1467, 1452, 1391, 1381, 1326, 1234, 1173, 1201, 1116, 1010, 996, 911, 863, 780, 760, 702, 616, 566, 509, 471, 384, 313, 292, 213, 141, 82, 32; 31, 74, 150, 240, 301, 381, 426, 478, 537, 592, 707, 725, 764, 862, 947, 985, 1065, 1057, 1162, 1228, 1352, 1405, 1521, 1501, 1568, 1634, 1554, 1508, 1422, 1403, 1347, 1278, 1228, 1113, 1063, 990, 951, 866, 797, 753, 630, 637, 510, 459, 417, 367, 272, 208, 175, 103, 34; 26, 101, 181, 233, 343, 384, 488, 519, 553, 668, 762, 792, 868, 937, 1046, 1096, 1204, 1242, 1254, 1364, 1419, 1582, 1603, 1668, 1796, 1714, 1780, 1666, 1521, 1555, 1467, 1350, 1363, 1161, 1134, 1095, 1015, 972, 875, 854, 721, 637, 606, 521, 453, 371, 288, 247, 197, 90, 29; 44, 111, 201, 290, 394, 461, 490, 584, 652, 755, 809, 850, 960, 1043, 1071, 1173, 1267, 1359, 1391, 1558, 1526, 1757, 1702, 1847, 1847, 1875, 1902, 1756, 1670, 1662, 1507, 1565, 1476, 1368, 1337, 1194, 1072, 1100, 968, 887, 840, 654, 672, 608, 498, 459, 358, 278, 180, 93, 41; 51, 122, 205, 301, 387, 464, 546, 627, 731, 718, 827, 943, 1072, 1093, 1176, 1266, 1376, 1488, 1571, 1637, 1788, 1819, 1816, 1911, 2051, 2082, 1965, 1913, 1860, 1742, 1784, 1572, 1484, 1385, 1381, 1305, 1206, 1094, 1017, 963, 874, 800, 670, 642, 529, 444, 354, 281, 220, 116, 32; 41, 144, 250, 322, 379, 505, 554, 659, 766, 886, 986, 1018, 1055, 1195, 1258, 1408, 1501, 1515, 1648, 1762, 1799, 1923, 1970, 2169, 2206, 2270, 2258, 2136, 2018, 1980, 1809, 1744, 1747, 1576, 1456, 1341, 1310, 1162, 1138, 1013, 892, 861, 773, 675, 608, 473, 413, 318, 205, 130, 50; 54, 143, 240, 347, 407, 546, 584, 739, 826, 936, 1015, 1090, 1199, 1294, 1354, 1457, 1526, 1748, 1724, 1916, 1971, 1970, 2135, 2314, 2295, 2450, 2362, 2190, 2121, 2091, 1930, 1827, 1737, 1682, 1599, 1397, 1396, 1240, 1211, 1071, 977, 909, 829, 717, 651, 540, 443, 328, 227, 129, 42; 50, 145, 253, 353, 477, 546, 690, 778, 880, 986, 1032, 1162, 1319, 1334, 1455, 1542, 1686, 1779, 1834, 1960, 2098, 2246, 2371, 2383, 2403, 2647, 2478, 2355, 2270, 2136, 2070, 1993, 1882, 1763, 1653, 1624, 1449, 1364, 1261, 1105, 1059, 951, 841, 781, 667, 538, 482, 359, 259, 162, 53; 36, 168, 266, 402, 493, 592, 730, 814, 892, 990, 1054, 1273, 1337, 1478, 1512, 1698, 1767, 1908, 2072, 2103, 2184, 2281, 2407, 2431, 2589, 2743, 2656, 2480, 2482, 2354, 2217, 2117, 1978, 1957, 1754, 1597, 1551, 1452, 1293, 1248, 1138, 1035, 901, 810, 751, 581, 465, 364, 255, 161, 45; 63, 189, 273, 445, 472, 639, 780, 846, 979, 1060, 1227, 1307, 1445, 1557, 1635, 1754, 1838, 1987, 2093, 2193, 2267, 2426, 2606, 2692, 2814, 2967, 2858, 2701, 2555, 2353, 2351, 2229, 2188, 1930, 1874, 1809, 1668, 1553, 1470, 1332, 1230, 1063, 977, 829, 744, 610, 535, 381, 279, 177, 62; 68, 176, 298, 439, 561, 704, 781, 957, 1021, 1154, 1231, 1354, 1491, 1646, 1734, 1810, 1952, 2107, 2293, 2280, 2440, 2596, 2622, 2910, 2862, 3081, 2950, 2859, 2669, 2570, 2570, 2393, 2153, 2131, 1956, 1793, 1646, 1567, 1532, 1327, 1248, 1168, 1006, 874, 758, 638, 586, 434, 317, 165, 49; 57, 182, 323, 400, 564, 701, 875, 968, 1069, 1205, 1322, 1484, 1617, 1715, 1793, 1865, 2087, 2160, 2221, 2457, 2694, 2600, 2827, 3014, 3123, 3215, 3072, 3016, 2932, 2686, 2569, 2435, 2248, 2296, 2085, 1971, 1813, 1701, 1541, 1485, 1318, 1229, 1060, 973, 791, 702, 528, 475, 307, 191, 73; 63, 198, 356, 465, 553, 735, 824, 975, 1074, 1235, 1347, 1515, 1648, 1781, 1946, 1983, 2191, 2286, 2509, 2543, 2622, 2831, 3083, 3105, 3177, 3303, 3238, 3124, 2987, 2815, 2736, 2593, 2456, 2310, 2217, 2079, 1893, 1782, 1624, 1495, 1439, 1226, 1103, 916, 876, 734, 600, 445, 323, 191, 69; 70, 178, 310, 537, 595, 752, 913, 1025, 1242, 1329, 1418, 1548, 1713, 1834, 2056, 2161, 2277, 2410, 2570, 2605, 2857, 2957, 3096, 3304, 3345, 3532, 3446, 3386, 3082, 2943, 2755, 2623, 2550, 2462, 2212, 2126, 1992, 1839, 1684, 1540, 1481, 1339, 1175, 1032, 921, 781, 607, 467, 374, 206, 64; 69, 222, 330, 508, 629, 805, 1012, 1065, 1276, 1402, 1585, 1529, 1883, 1951, 2102, 2228, 2374, 2475, 2634, 2883, 2979, 3061, 3271, 3485, 3580, 3657, 3586, 3380, 3258, 3096, 2905, 2831, 2603, 2617, 2387, 2275, 2095, 1989, 1752, 1621, 1474, 1412, 1216, 1099, 978, 862, 678, 478, 367, 238, 71; 68, 247, 384, 522, 651, 850, 934, 1139, 1264, 1430, 1618, 1682, 1947, 2033, 2240, 2316, 2483, 2609, 2783, 2874, 3148, 3221, 3384, 3537, 3728, 3806, 3710, 3608, 3365, 3255, 3081, 2949, 2705, 2712, 2473, 2444, 2138, 2069, 1931, 1742, 1621, 1388, 1284, 1124, 981, 826, 673, 535, 372, 226, 66; 71, 243, 400, 524, 703, 800, 1011, 1128, 1390, 1502, 1667, 1775, 2010, 2020, 2186, 2326, 2519, 2754, 2828, 3011, 3193, 3336, 3414, 3621, 3792, 3830, 3746, 3635, 3622, 3371, 3136, 3007, 2743, 2700, 2705, 2413, 2198, 2157, 2025, 1855, 1610, 1426, 1354, 1164, 1005, 837, 740, 513, 380, 239, 87; 65, 243, 370, 534, 693, 882, 913, 1140, 1184, 1444, 1527, 1777, 1868, 2006, 2136, 2348, 2440, 2673, 2659, 2881, 3080, 3239, 3548, 3612, 3667, 3827, 3686, 3531, 3350, 3319, 3119, 2886, 2813, 2620, 2464, 2386, 2294, 2068, 1862, 1719, 1605, 1425, 1276, 1133, 991, 811, 680, 516, 359, 232, 74; 74, 231, 365, 517, 655, 747, 904, 1082, 1259, 1390, 1574, 1711, 1793, 1967, 2045, 2230, 2360, 2486, 2707, 2787, 2946, 3089, 3370, 3354, 3626, 3660, 3558, 3341, 3139, 3061, 3049, 2806, 2719, 2607, 2283, 2246, 2191, 2035, 1808, 1645, 1506, 1427, 1218, 1043, 920, 789, 654, 484, 312, 185, 69; 75, 209, 363, 515, 640, 805, 894, 972, 1202, 1334, 1526, 1576, 1742, 1841, 2055, 2137, 2299, 2385, 2588, 2759, 2888, 2993, 3038, 3225, 3352, 3481, 3410, 3161, 3160, 2971, 2826, 2655, 2602, 2394, 2370, 2088, 1949, 1853, 1789, 1606, 1403, 1398, 1183, 1041, 922, 783, 628, 517, 350, 190, 83; 68, 195, 328, 430, 605, 748, 802, 965, 1098, 1241, 1391, 1572, 1648, 1767, 1953, 2109, 2183, 2335, 2468, 